VBZ1,20111130190000000,6790.0,6853.0,6773.0,6840.0
VBZ1,20111130191500000,6843.0,6843.0,6818.0,6831.0
VBZ1,20111130192000000,6831.0,6832.0,6817.0,6827.0
VBZ1,20111130193500000,6854.0,6904.0,6853.0,6904.0
VBZ1,20111130194000000,6905.0,6921.0,6889.0,6900.0
VBZ1,20111130195500000,6874.0,6879.0,6870.0,6872.0
VBZ1,20111130200500000,6858.0,6858.0,6858.0,6858.0
VBZ1,20111130202500000,6844.0,6858.0,6839.0,6852.0
VBZ1,20111130204000000,6867.0,6868.0,6854.0,6860.0
VBZ1,20111130204500000,6856.0,6856.0,6854.0,6854.0
